Stock: CAT
Current Date: 2019-11-26
Current Close: 146.09
Market Days
-----------
5 2019-11-20 142.45 2 3 3.64 2.55528 146.42 144.254
10 2019-11-13 144.36 4 6 1.73 1.19839 146.42 144.128
20 2019-10-30 141 8 12 5.09 3.60993 148.16 144.61
50 2019-09-18 131.63 24 26 14.46 10.9853 148.16 134.853
100 2019-07-09 134.11 48 52 11.98 8.93296 148.16 130.457
200 2019-02-13 134.2 101 99 11.89 8.85991 148.16 131.827
500 2017-12-01 141.6 251 248 4.48999 3.1709 170.89 138.853
1000 2015-12-08 66.99 508 489 79.1 118.077 170.89 115.691
